Production in NPT w/ restraints, 21 windows, 1 ns / window (total 21 ns)
 &cntrl
  imin   = 0,
  nstlim = 500000,
  nscm   = 0, t= 0.0, dt = 0.002,

  ntx    = 5,        irest  = 1,       ntxo   = 2,
  ntpr   = 1000,    ntwx   = 5000,    ntave  = 50000,
  ioutfm = 1, iwrap = 0, ntwr = 50000,
  ntwprt = 39,

  ntb    = 2,

  ntp    = 1,
  pres0  = 1.0, comp = 44.6,
  taup   = 1.0,
  barostat = 2,

  ntt    = 3,
  temp0  = 300.0,
  ig     = -1,
  tautp  = 0.2,
  gamma_ln = 1.0,

  ! ntc    = 2,       tol    = 0.00001,    ntf    = 2,
  ! softcore potentials require ntf=1
  ntc    = 2,       tol    = 0.00001,    ntf    = 1,
  cut    = 10.0,     nsnb   = 10,

  ntr    = 0,
  nmropt = 0,

  icfe   = 1,
  ifsc   = 1,
  ifmbar = 1,
  clambda= %L%,
!  dynlmb = 0.05,
  klambda= 1,
  timask1= ':1',
  timask2= '',
  scmask1= ':1',
  scmask2= '',
  scalpha = 0.5,
  scbeta  = 12.0,
  mbar_states = 21,
  mbar_lambda = 0.00, 0.05, 0.10, 0.15, 0.20, 0.25, 0.30, 0.35, 0.40, 0.45, 0.50, 0.55, 0.60, 0.65, 0.70, 0.75, 0.80, 0.85, 0.90, 0.95, 1.00,
 /
